101011 111110 111111 
101010 111110 111111 
010101 111110 111111 
010100 111110 111111 
101111 111011 111111 
101011 111011 111111 
010100 111011 111111 
010000 111011 111111 
101110 111010 111111 
101011 111010 111111 
010100 111010 111111 
010001 111010 111111 
101011 101111 111111 
010100 101111 111111 
000100 101111 111111 
101011 101110 111111 
010100 101110 111111 
000101 101110 111111 
101010 101011 111111 
010101 101011 111111 
010001 101011 111111 
010000 101011 111111 
000101 101011 111111 
000100 101011 111111 
000001 101011 111111 
010100 101010 111111 
000001 101010 111111 
010100 010101 111111 
000001 010101 111111 
010001 010100 111111 
010000 010100 111111 
000101 010100 111111 
000100 010100 111111 
000001 010100 111111 
000101 010001 111111 
000100 010000 111111 
101010 110101 111110 
100001 110101 111110 
011111 110101 111110 
010100 110101 111110 
101010 110100 111110 
100000 110100 111110 
011110 110100 111110 
010100 110100 111110 
101010 101011 111110 
010100 101011 111110 
000001 101011 111110 
100001 101010 111110 
100000 101010 111110 
011111 101010 111110 
011110 101010 111110 
010101 101010 111110 
001011 101010 111110 
001010 101010 111110 
000001 101010 111110 
010100 100001 111110 
001011 100001 111110 
010100 100000 111110 
001010 100000 111110 
010100 011111 111110 
001011 011111 111110 
010100 011110 111110 
001010 011110 111110 
010100 010101 111110 
000001 010101 111110 
001011 010100 111110 
001010 010100 111110 
000001 010100 111110 
101111 110100 111011 
100000 110100 111011 
011011 110100 111011 
010100 110100 111011 
101111 110000 111011 
100100 110000 111011 
011111 110000 111011 
010100 110000 111011 
101011 101111 111011 
100100 101111 111011 
100000 101111 111011 
011111 101111 111011 
011011 101111 111011 
010000 101111 111011 
001111 101111 111011 
001011 101111 111011 
000100 101111 111011 
010100 101011 111011 
000100 101011 111011 
010100 100100 111011 
001011 100100 111011 
010100 100000 111011 
001111 100000 111011 
010100 011111 111011 
001011 011111 111011 
010100 011011 111011 
001111 011011 111011 
010000 010100 111011 
001111 010100 111011 
001011 010100 111011 
000100 010100 111011 
000100 010000 111011 
101110 110101 111010 
100001 110101 111010 
011011 110101 111010 
010100 110101 111010 
101110 110000 111010 
100100 110000 111010 
011110 110000 111010 
010100 110000 111010 
101011 101110 111010 
100100 101110 111010 
100001 101110 111010 
011110 101110 111010 
011011 101110 111010 
010001 101110 111010 
001111 101110 111010 
001010 101110 111010 
000101 101110 111010 
010100 101011 111010 
000101 101011 111010 
010100 100100 111010 
001010 100100 111010 
010100 100001 111010 
001111 100001 111010 
010100 011110 111010 
001010 011110 111010 
010100 011011 111010 
001111 011011 111010 
010001 010100 111010 
001111 010100 111010 
001010 010100 111010 
000101 010100 111010 
000101 010001 111010 
100101 110001 110101 
100001 110001 110101 
010100 110001 110101 
010000 110001 110101 
100001 101110 110101 
010100 101110 110101 
001111 101110 110101 
100001 101010 110101 
010100 101010 110101 
001011 101010 110101 
100001 100101 110101 
010100 100101 110101 
000100 100101 110101 
011111 100001 110101 
011011 100001 110101 
010000 100001 110101 
001111 100001 110101 
001011 100001 110101 
000100 100001 110101 
010100 011111 110101 
001011 011111 110101 
010100 011011 110101 
001111 011011 110101 
010000 010100 110101 
001111 010100 110101 
001011 010100 110101 
000100 010100 110101 
000100 010000 110101 
100101 110001 110100 
100000 110001 110100 
010100 110001 110100 
010001 110001 110100 
100000 101111 110100 
010100 101111 110100 
001111 101111 110100 
100000 101010 110100 
010100 101010 110100 
001010 101010 110100 
100000 100101 110100 
010100 100101 110100 
000101 100101 110100 
011110 100000 110100 
011011 100000 110100 
010001 100000 110100 
001111 100000 110100 
001010 100000 110100 
000101 100000 110100 
010100 011110 110100 
001010 011110 110100 
010100 011011 110100 
001111 011011 110100 
010001 010100 110100 
001111 010100 110100 
001010 010100 110100 
000101 010100 110100 
000101 010001 110100 
100101 110000 110001 
100100 110000 110001 
010101 110000 110001 
010100 110000 110001 
100100 100101 110001 
100001 100101 110001 
100000 100101 110001 
010101 100101 110001 
010001 100101 110001 
010000 100101 110001 
000101 100101 110001 
000100 100101 110001 
000001 100101 110001 
010100 100100 110001 
000001 100100 110001 
010100 100001 110001 
000100 100001 110001 
010100 100000 110001 
000101 100000 110001 
010100 010101 110001 
000001 010101 110001 
010001 010100 110001 
010000 010100 110001 
000101 010100 110001 
000100 010100 110001 
000001 010100 110001 
000101 010001 110001 
000100 010000 110001 
100100 101111 110000 
010100 101111 110000 
001011 101111 110000 
100100 101110 110000 
010100 101110 110000 
001010 101110 110000 
100100 100101 110000 
010100 100101 110000 
000001 100101 110000 
011111 100100 110000 
011110 100100 110000 
010101 100100 110000 
001011 100100 110000 
001010 100100 110000 
000001 100100 110000 
010100 011111 110000 
001011 011111 110000 
010100 011110 110000 
001010 011110 110000 
010100 010101 110000 
000001 010101 110000 
001011 010100 110000 
001010 010100 110000 
000001 010100 110000 
010100 101011 101111 
010000 101011 101111 
011111 100100 101111 
010100 100100 101111 
011011 100000 101111 
010100 100000 101111 
010100 011111 101111 
001011 011111 101111 
010100 011011 101111 
001111 011011 101111 
010000 010100 101111 
001111 010100 101111 
001011 010100 101111 
000100 010100 101111 
000100 010000 101111 
010100 101011 101110 
010001 101011 101110 
011110 100100 101110 
010100 100100 101110 
011011 100001 101110 
010100 100001 101110 
010100 011110 101110 
001010 011110 101110 
010100 011011 101110 
001111 011011 101110 
010001 010100 101110 
001111 010100 101110 
001010 010100 101110 
000101 010100 101110 
000101 010001 101110 
010101 101010 101011 
010100 101010 101011 
010100 010101 101011 
000001 010101 101011 
010001 010100 101011 
010000 010100 101011 
000101 010100 101011 
000100 010100 101011 
000001 010100 101011 
000101 010001 101011 
000100 010000 101011 
011111 100001 101010 
010100 100001 101010 
011110 100000 101010 
010100 100000 101010 
010100 011111 101010 
001011 011111 101010 
010100 011110 101010 
001010 011110 101010 
010100 010101 101010 
000001 010101 101010 
001011 010100 101010 
001010 010100 101010 
000001 010100 101010 
010101 100100 100101 
010100 100100 100101 
010100 100001 100101 
010000 100001 100101 
010100 100000 100101 
010001 100000 100101 
010100 010101 100101 
000001 010101 100101 
010001 010100 100101 
010000 010100 100101 
000101 010100 100101 
000100 010100 100101 
000001 010100 100101 
000101 010001 100101 
000100 010000 100101 
010100 011111 100100 
001011 011111 100100 
010100 011110 100100 
001010 011110 100100 
010100 010101 100100 
000001 010101 100100 
001011 010100 100100 
001010 010100 100100 
000001 010100 100100 
010100 011111 100001 
001011 011111 100001 
010100 011011 100001 
001111 011011 100001 
010000 010100 100001 
001111 010100 100001 
001011 010100 100001 
000100 010100 100001 
000100 010000 100001 
010100 011110 100000 
001010 011110 100000 
010100 011011 100000 
001111 011011 100000 
010001 010100 100000 
001111 010100 100000 
001010 010100 100000 
000101 010100 100000 
000101 010001 100000 
010100 011010 011111 
010001 011010 011111 
001110 011010 011111 
001011 011010 011111 
010001 010100 011111 
001110 010100 011111 
000101 010100 011111 
001011 010001 011111 
000101 010001 011111 
001011 001110 011111 
000101 001110 011111 
000101 001011 011111 
010100 011010 011110 
010000 011010 011110 
001110 011010 011110 
001010 011010 011110 
010000 010100 011110 
001110 010100 011110 
000100 010100 011110 
001010 010000 011110 
000100 010000 011110 
001010 001110 011110 
000100 001110 011110 
000100 001010 011110 
010101 011010 011011 
010100 011010 011011 
001111 011010 011011 
001110 011010 011011 
010100 010101 011011 
001111 010101 011011 
000001 010101 011011 
001110 010100 011011 
000001 010100 011011 
001110 001111 011011 
000001 001111 011011 
000001 001110 011011 
010100 010101 011010 
001110 010101 011010 
000001 010101 011010 
010001 010100 011010 
010000 010100 011010 
001111 010100 011010 
001011 010100 011010 
001010 010100 011010 
000101 010100 011010 
000100 010100 011010 
000001 010100 011010 
001110 010001 011010 
000101 010001 011010 
001110 010000 011010 
000100 010000 011010 
001110 001111 011010 
000001 001111 011010 
001011 001110 011010 
001010 001110 011010 
000101 001110 011010 
000100 001110 011010 
000001 001110 011010 
000101 001011 011010 
000100 001010 011010 
001111 010100 010101 
001110 010100 010101 
001110 001111 010101 
000001 001111 010101 
000001 001110 010101 
001110 010001 010100 
001011 010001 010100 
001110 010000 010100 
001010 010000 010100 
001110 001111 010100 
000001 001111 010100 
001011 001110 010100 
001010 001110 010100 
000101 001110 010100 
000100 001110 010100 
000001 001110 010100 
000101 001011 010100 
000100 001010 010100 
001011 001110 010001 
000101 001110 010001 
000101 001011 010001 
001010 001110 010000 
000100 001110 010000 
000100 001010 010000